200
    1    17    20
    2     5    29
    3     1     5
    4    45    36
    5    50    23
    6     6    16
    7     4     4
    8    48    50
    9    49    46
   10    19     5
   11    34    10
   12    22    14
   13    12    43
   14     5    39
   15    16    19
   16    13    15
   17    11    42
   18    45    17
   19    23    26
   20    30    27
   21    10    46
   22     4    10
   23    19    13
   24    41    43
   25    38    27
   26    47    39
   27    43    29
   28     6    48
   29    15    18
   30    31    20
   31    24    18
   32    23     4
   33     9    12
   34    20    28
   35    48    15
   36    46    42
   37    20    29
   38    34    37
   39    41    27
   40    12    31
   41    29     4
   42    24     2
   43    48    45
   44    36    46
   45    31    18
   46    46    27
   47    25    50
   48    37    32
   49    39    40
   50    30    47
   51    46    17
   52     3    15
   53    24    46
   54    14    13
   55    37    13
   56    25    20
   57    41    38
   58    39    41
   59    31     1
   60    48    27
   61    13    33
   62    33    43
   63    18    42
   64    20    15
   65    43    48
   66    26    21
   67    32    45
   68    38    49
   69    31    47
   70    46    28
   71    42    42
   72    28    48
   73    44    35
   74    48    10
   75    13    50
   76    49    11
   77    31    33
   78    34    42
   79    15     3
   80     8    27
   81    34    32
   82    29    24
   83     2    21
   84    15    28
   85    16    16
   86     9    34
   87    11    26
   88    24    43
   89    35    13
   90    43    16
   91    19    23
   92    18    43
   93     6    47
   94     9    50
   95     5    45
   96    43    14
   97    44    36
   98    37    15
   99     5    39
  100    17    37
  101    23    20
  102    34    45
  103    39    19
  104    26     9
  105    30    26
  106    48    23
  107    11    10
  108    39    49
  109     1    17
  110     1    32
  111     4    37
  112    13    38
  113    20    30
  114    38     6
  115     7    12
  116    42    23
  117    10     2
  118    26    36
  119    13    30
  120    30    15
  121    36    38
  122     1    27
  123     1    20
  124    18    15
  125    10    14
  126    27    37
  127    41    26
  128    11    18
  129    36    31
  130    11    36
  131     7     4
  132    42    50
  133    47    23
  134    31    29
  135    28     7
  136    40     5
  137    49    48
  138    40    39
  139    10    46
  140    48    17
  141    33    46
  142    31    39
  143    42    44
  144    28    46
  145    23     8
  146    31    41
  147    32    39
  148    20    44
  149     3     7
  150    23     9
  151    29    24
  152    49    31
  153    32    20
  154    28    47
  155    25     8
  156     1     5
  157    22    45
  158     6    22
  159    18    18
  160    44     8
  161     9    20
  162    10    39
  163    37    29
  164    26     4
  165    31    16
  166    28    25
  167    42    29
  168    27     8
  169    17     8
  170    20    32
  171    21     7
  172    21     8
  173    17    45
  174    25    24
  175    36    25
  176     5    25
  177    26     9
  178     9    12
  179    39    13
  180    49    18
  181    42    36
  182     2    35
  183    50     7
  184    26    11
  185    34     5
  186    14     8
  187    44    11
  188    41    26
  189    12    34
  190    46    16
  191    31    17
  192     8    11
  193    38    23
  194    15    39
  195    47    36
  196    10    24
  197    37     8
  198    37    18
  199    21     7
  200    13    22
2568
