200
    1   842   742
    2  1684  1484
    3  3368  2968
    4   755   655
    5  1510  1310
    6  1510  1310
    7   693   593
    8  1386  1186
    9  2772  2372
   10  1386  1186
   11  1090   990
   12  2180  1980
   13  4360  3960
   14  2180  1980
   15   351   251
   16   702   502
   17  1404  1004
   18   351   251
   19   104     4
   20   208     8
   21   416    16
   22   312    12
   23   584   484
   24  1168   968
   25   584   484
   26   778   678
   27  1556  1356
   28  3112  2712
   29  2334  2034
   30   144    44
   31   288    88
   32   576   176
   33   288    88
   34   977   877
   35  1954  1754
   36  3908  3508
   37   430   330
   38   860   660
   39  1720  1320
   40   430   330
   41   266   166
   42   532   332
   43   266   166
   44   975   875
   45   975   875
   46   883   783
   47  1766  1566
   48  3532  3132
   49  1766  1566
   50   823   723
   51  1646  1446
   52  2469  2169
   53   851   751
   54   392   292
   55   784   584
   56   784   584
   57   935   835
   58  1870  1670
   59  3740  3340
   60   500   400
   61  1000   800
   62   309   209
   63   309   209
   64   536   436
   65  1072   872
   66  2144  1744
   67  1608  1308
   68   342   242
   69   684   484
   70  1368   968
   71  1026   726
   72   119    19
   73   238    38
   74   349   249
   75   698   498
   76   698   498
   77   991   891
   78   991   891
   79   631   531
   80  1262  1062
   81  1045   945
   82  2090  1890
   83   630   530
   84  1260  1060
   85  2520  2120
   86   630   530
   87   984   884
   88   462   362
   89   924   724
   90   924   724
   91   932   832
   92  1864  1664
   93   932   832
   94   162    62
   95   910   810
   96   844   744
   97  1688  1488
   98  3376  2976
   99   844   744
  100  1007   907
  101  1007   907
  102   696   596
  103  1392  1192
  104  2088  1788
  105   623   523
  106  1246  1046
  107  1869  1569
  108  1043   943
  109  2086  1886
  110  4172  3772
  111  1043   943
  112   959   859
  113   501   401
  114  1002   802
  115  2004  1604
  116   501   401
  117   970   870
  118  1940  1740
  119   944   844
  120  1888  1688
  121  3776  3376
  122   944   844
  123  1081   981
  124  1081   981
  125   420   320
  126   420   320
  127   394   294
  128   788   588
  129   788   588
  130   385   285
  131   770   570
  132   385   285
  133   868   768
  134  1736  1536
  135  1736  1536
  136  1072   972
  137  2144  1944
  138  2144  1944
  139   586   486
  140  1172   972
  141   407   307
  142   407   307
  143   785   685
  144   785   685
  145   775   675
  146  1550  1350
  147  1550  1350
  148   376   276
  149   752   552
  150  1504  1104
  151   376   276
  152  1059   959
  153  2118  1918
  154  4236  3836
  155  3177  2877
  156   299   199
  157   598   398
  158  1196   796
  159   598   398
  160  1054   954
  161  2108  1908
  162  1076   976
  163  2152  1952
  164   921   821
  165  1842  1642
  166   967   867
  167  1934  1734
  168  1934  1734
  169   265   165
  170   530   330
  171  1060   660
  172   265   165
  173   999   899
  174  1998  1798
  175  1998  1798
  176   489   389
  177   978   778
  178  1956  1556
  179   978   778
  180   690   590
  181  1380  1180
  182  2070  1770
  183   241   141
  184   482   282
  185   241   141
  186   734   634
  187  1468  1268
  188  2936  2536
  189  1468  1268
  190   123    23
  191   246    46
  192   492    92
  193   369    69
  194   831   731
  195  1662  1462
  196  3324  2924
  197  2493  2193
  198   669   569
  199  1338  1138
  200  2676  2276
101268
