2000
      1     717     617
      2     717     617
      3     438     338
      4     438     338
      5     632     532
      6    1264    1064
      7    1896    1596
      8     749     649
      9    1498    1298
     10    2996    2596
     11     749     649
     12     826     726
     13    1652    1452
     14    3304    2904
     15    1652    1452
     16     739     639
     17     523     423
     18    1046     846
     19     477     377
     20    1027     927
     21    2054    1854
     22    1027     927
     23    1092     992
     24    2184    1984
     25    4368    3968
     26    1092     992
     27     385     285
     28     770     570
     29     677     577
     30    1354    1154
     31     546     446
     32     406     306
     33     812     612
     34     406     306
     35     346     246
     36     692     492
     37    1384     984
     38     726     626
     39    1452    1252
     40    2904    2504
     41    2178    1878
     42     699     599
     43    1398    1198
     44    2097    1797
     45     682     582
     46    1364    1164
     47     682     582
     48     335     235
     49     670     470
     50    1340     940
     51     335     235
     52     840     740
     53    1680    1480
     54     891     791
     55     241     141
     56     482     282
     57     482     282
     58    1002     902
     59    2004    1804
     60    4008    3608
     61    3006    2706
     62     592     492
     63     592     492
     64     538     438
     65    1076     876
     66     314     214
     67     628     428
     68    1256     856
     69     314     214
     70     440     340
     71     880     680
     72    1760    1360
     73    1320    1020
     74     913     813
     75    1826    1626
     76    3652    3252
     77     163      63
     78     326     126
     79     652     252
     80     163      63
     81     745     645
     82    1490    1290
     83     745     645
     84     447     347
     85     894     694
     86     541     441
     87    1082     882
     88    1623    1323
     89     209     109
     90     418     218
     91     836     436
     92     627     327
     93    1079     979
     94    2158    1958
     95     290     190
     96     627     527
     97    1254    1054
     98     314     214
     99     628     428
    100     628     428
    101     854     754
    102    1708    1508
    103    3416    3016
    104    1708    1508
    105     570     470
    106    1140     940
    107    1710    1410
    108     416     316
    109     832     632
    110     661     561
    111    1322    1122
    112    2644    2244
    113     661     561
    114     603     503
    115    1206    1006
    116    2412    2012
    117     460     360
    118     920     720
    119    1840    1440
    120     479     379
    121     958     758
    122     958     758
    123     789     689
    124    1578    1378
    125    2367    2067
    126     356     256
    127     712     512
    128    1424    1024
    129     559     459
    130    1118     918
    131    1677    1377
    132     955     855
    133    1910    1710
    134    3820    3420
    135     955     855
    136     237     137
    137     474     274
    138     948     548
    139     711     411
    140     906     806
    141    1812    1612
    142    1812    1612
    143     324     224
    144     648     448
    145     648     448
    146     730     630
    147    1460    1260
    148    2920    2520
    149    2190    1890
    150     115      15
    151     230      30
    152     230      30
    153     590     490
    154    1180     980
    155    1180     980
    156     574     474
    157    1148     948
    158    2296    1896
    159     574     474
    160     697     597
    161    1394    1194
    162    2091    1791
    163     751     651
    164     751     651
    165     612     512
    166     612     512
    167    1034     934
    168    2068    1868
    169    1034     934
    170     140      40
    171     280      80
    172     866     766
    173    1732    1532
    174    3464    3064
    175     866     766
    176     708     608
    177    1416    1216
    178     708     608
    179     685     585
    180     652     552
    181     521     421
    182    1042     842
    183     521     421
    184     582     482
    185     626     526
    186    1252    1052
    187    1252    1052
    188    1072     972
    189    2144    1944
    190     154      54
    191     154      54
    192     347     247
    193     694     494
    194    1388     988
    195     694     494
    196     555     455
    197    1110     910
    198    2220    1820
    199    1087     987
    200    2174    1974
    201     732     632
    202    1464    1264
    203    2928    2528
    204    1464    1264
    205     593     493
    206     181      81
    207     362     162
    208     181      81
    209     370     270
    210     370     270
    211     360     260
    212     720     520
    213    1440    1040
    214    1080     780
    215     197      97
    216     782     682
    217    1564    1364
    218    3128    2728
    219     782     682
    220     172      72
    221     344     144
    222     688     288
    223     811     711
    224    1622    1422
    225    3244    2844
    226    1622    1422
    227     223     123
    228     446     246
    229     223     123
    230     912     812
    231    1824    1624
    232     203     103
    233     406     206
    234     812     412
    235     609     309
    236     971     871
    237    1942    1742
    238    3884    3484
    239     467     367
    240     467     367
    241     653     553
    242    1306    1106
    243     653     553
    244     150      50
    245     300     100
    246     600     200
    247     176      76
    248     176      76
    249     861     761
    250    1722    1522
    251    2583    2283
    252     362     262
    253     724     524
    254    1448    1048
    255    1086     786
    256     502     402
    257    1004     804
    258    1004     804
    259     834     734
    260    1668    1468
    261     337     237
    262     337     237
    263     150      50
    264     300     100
    265     150      50
    266     311     211
    267     622     422
    268    1244     844
    269     311     211
    270    1007     907
    271    2014    1814
    272    4028    3628
    273     434     334
    274     434     334
    275     882     782
    276    1764    1564
    277     882     782
    278    1070     970
    279    2140    1940
    280    3210    2910
    281     523     423
    282     523     423
    283     666     566
    284    1332    1132
    285    2664    2264
    286     504     404
    287    1008     808
    288     504     404
    289    1034     934
    290    2068    1868
    291    2068    1868
    292    1015     915
    293    2030    1830
    294     140      40
    295     901     801
    296    1802    1602
    297    3604    3204
    298    2703    2403
    299     236     136
    300     472     272
    301     944     544
    302     708     408
    303     468     368
    304     936     736
    305    1872    1472
    306     468     368
    307     903     803
    308    1806    1606
    309     903     803
    310    1048     948
    311     713     613
    312    1426    1226
    313    2139    1839
    314     847     747
    315    1694    1494
    316    3388    2988
    317     235     135
    318     470     270
    319     940     540
    320     470     270
    321     171      71
    322     171      71
    323     796     696
    324    1592    1392
    325     669     569
    326    1338    1138
    327     571     471
    328     863     763
    329     863     763
    330     158      58
    331     316     116
    332     525     425
    333    1050     850
    334    2100    1700
    335    1050     850
    336     874     774
    337    1748    1548
    338    2622    2322
    339     881     781
    340    1762    1562
    341     881     781
    342     576     476
    343    1152     952
    344    1152     952
    345     571     471
    346    1142     942
    347    2284    1884
    348     512     412
    349    1024     824
    350    2048    1648
    351     512     412
    352     513     413
    353    1026     826
    354    2052    1652
    355     513     413
    356     653     553
    357    1306    1106
    358    2612    2212
    359    1959    1659
    360     976     876
    361    1952    1752
    362    1952    1752
    363     445     345
    364     890     690
    365    1335    1035
    366     391     291
    367     782     582
    368     391     291
    369     235     135
    370     470     270
    371     940     540
    372     470     270
    373     420     320
    374     840     640
    375    1260     960
    376     650     550
    377    1300    1100
    378    2600    2200
    379    1950    1650
    380     390     290
    381     780     580
    382    1560    1160
    383     272     172
    384     544     344
    385    1088     688
    386     359     259
    387     718     518
    388     359     259
    389     876     776
    390     507     407
    391     278     178
    392     556     356
    393    1112     712
    394     556     356
    395     577     477
    396    1154     954
    397    2308    1908
    398    1731    1431
    399     746     646
    400     746     646
    401     237     137
    402     474     274
    403     474     274
    404     801     701
    405    1602    1402
    406    3204    2804
    407    1602    1402
    408     839     739
    409    1678    1478
    410    3356    2956
    411     839     739
    412     164      64
    413     328     128
    414     656     256
    415     164      64
    416     932     832
    417    1864    1664
    418    3728    3328
    419    1864    1664
    420     173      73
    421     346     146
    422     692     292
    423     346     146
    424     190      90
    425     190      90
    426     388     288
    427     776     576
    428     388     288
    429     475     375
    430     950     750
    431    1425    1125
    432     802     702
    433    1604    1404
    434    2406    2106
    435     431     331
    436     862     662
    437     590     490
    438    1180     980
    439    1180     980
    440    1071     971
    441    2142    1942
    442    1071     971
    443    1082     982
    444    2164    1964
    445    1082     982
    446     812     712
    447    1624    1424
    448    3248    2848
    449     641     541
    450     487     387
    451     974     774
    452     974     774
    453     383     283
    454     766     566
    455     766     566
    456     743     643
    457    1486    1286
    458    2972    2572
    459     743     643
    460     140      40
    461     280      80
    462     292     192
    463     292     192
    464     999     899
    465    1998    1798
    466    3996    3596
    467     703     603
    468    1406    1206
    469    2812    2412
    470     703     603
    471     876     776
    472    1752    1552
    473    3504    3104
    474     448     348
    475     896     696
    476     896     696
    477     641     541
    478    1282    1082
    479    1923    1623
    480     979     879
    481    1958    1758
    482     979     879
    483     123      23
    484     246      46
    485     492      92
    486     246      46
    487     320     220
    488     640     440
    489    1280     880
    490     320     220
    491     983     883
    492     983     883
    493     462     362
    494     462     362
    495     463     363
    496     926     726
    497    1852    1452
    498    1389    1089
    499     436     336
    500     872     672
    501     872     672
    502     316     216
    503     632     432
    504     948     648
    505    1012     912
    506    2024    1824
    507    2024    1824
    508     963     863
    509    1926    1726
    510    3852    3452
    511    2889    2589
    512     612     512
    513     612     512
    514     693     593
    515    1386    1186
    516     693     593
    517    1065     965
    518    2130    1930
    519     526     426
    520    1052     852
    521    2104    1704
    522     882     782
    523     826     726
    524     166      66
    525     332     132
    526     664     264
    527     199      99
    528     398     198
    529     796     396
    530     398     198
    531     676     576
    532     243     143
    533     486     286
    534     243     143
    535     517     417
    536    1034     834
    537    1034     834
    538     827     727
    539    1654    1454
    540    3308    2908
    541    1654    1454
    542     944     844
    543    1888    1688
    544    3776    3376
    545    2832    2532
    546    1076     976
    547    2152    1952
    548    4304    3904
    549    2152    1952
    550     658     558
    551    1316    1116
    552    2632    2232
    553     274     174
    554     274     174
    555     263     163
    556     263     163
    557     307     207
    558     614     414
    559    1228     828
    560     625     525
    561     625     525
    562     495     395
    563     990     790
    564    1980    1580
    565     495     395
    566     404     304
    567     808     608
    568     404     304
    569    1015     915
    570    2030    1830
    571    3045    2745
    572     596     496
    573    1192     992
    574    2384    1984
    575     596     496
    576     726     626
    577    1452    1252
    578    1452    1252
    579     420     320
    580     840     640
    581    1680    1280
    582     420     320
    583     624     524
    584    1248    1048
    585    2496    2096
    586    1872    1572
    587     404     304
    588     808     608
    589     404     304
    590     310     210
    591     620     420
    592    1240     840
    593     310     210
    594     894     794
    595    1788    1588
    596     931     831
    597    1862    1662
    598    3724    3324
    599    1862    1662
    600     365     265
    601     730     530
    602    1460    1060
    603    1095     795
    604     223     123
    605     354     254
    606     708     508
    607    1416    1016
    608     708     508
    609     717     617
    610    1434    1234
    611    2868    2468
    612    1434    1234
    613     868     768
    614    1736    1536
    615     642     542
    616    1284    1084
    617    1284    1084
    618    1067     967
    619     509     409
    620    1018     818
    621     509     409
    622     194      94
    623     388     188
    624     388     188
    625     973     873
    626    1946    1746
    627    3892    3492
    628    1946    1746
    629     615     515
    630     668     568
    631    1336    1136
    632     295     195
    633     590     390
    634     974     874
    635    1948    1748
    636    3896    3496
    637    2922    2622
    638     259     159
    639     518     318
    640     821     721
    641     821     721
    642     817     717
    643    1634    1434
    644     817     717
    645     901     801
    646    1802    1602
    647    3604    3204
    648    1802    1602
    649     465     365
    650     465     365
    651     775     675
    652    1550    1350
    653    1550    1350
    654     933     833
    655    1866    1666
    656     933     833
    657     284     184
    658     568     368
    659     284     184
    660     747     647
    661    1494    1294
    662    2988    2588
    663    2241    1941
    664     136      36
    665     272      72
    666     544     144
    667     674     574
    668    1348    1148
    669    2022    1722
    670     672     572
    671    1344    1144
    672    2688    2288
    673    1344    1144
    674     231     131
    675     462     262
    676     924     524
    677     129      29
    678     258      58
    679     516     116
    680     129      29
    681     803     703
    682    1606    1406
    683    2409    2109
    684     487     387
    685     974     774
    686    1948    1548
    687    1461    1161
    688     274     174
    689     548     348
    690     548     348
    691     334     234
    692     668     468
    693    1336     936
    694     334     234
    695     387     287
    696     774     574
    697     774     574
    698     865     765
    699    1730    1530
    700     415     315
    701     830     630
    702    1660    1260
    703     415     315
    704     277     177
    705     554     354
    706    1108     708
    707     277     177
    708     648     548
    709    1296    1096
    710    2592    2192
    711    1296    1096
    712     280     180
    713     280     180
    714     671     571
    715    1342    1142
    716    2013    1713
    717     683     583
    718     874     774
    719    1748    1548
    720    3496    3096
    721     114      14
    722     728     628
    723    1456    1256
    724    2912    2512
    725     728     628
    726     868     768
    727    1736    1536
    728    3472    3072
    729    1736    1536
    730     306     206
    731     306     206
    732     283     183
    733     566     366
    734     849     549
    735     521     421
    736    1042     842
    737    2084    1684
    738     521     421
    739     186      86
    740     174      74
    741     348     148
    742     696     296
    743    1054     954
    744    2108    1908
    745    4216    3816
    746    3162    2862
    747     585     485
    748    1170     970
    749    1755    1455
    750     674     574
    751    1348    1148
    752    2696    2296
    753    2022    1722
    754     241     141
    755     482     282
    756     964     564
    757     482     282
    758     227     127
    759     227     127
    760     924     824
    761    1848    1648
    762    1092     992
    763    2184    1984
    764    4368    3968
    765    2184    1984
    766     197      97
    767     197      97
    768     727     627
    769     727     627
    770     928     828
    771    1856    1656
    772    1856    1656
    773     297     197
    774     297     197
    775     706     606
    776     489     389
    777     521     421
    778    1042     842
    779    2084    1684
    780    1042     842
    781     909     809
    782    1818    1618
    783     909     809
    784     965     865
    785    1930    1730
    786    2895    2595
    787     272     172
    788     272     172
    789     659     559
    790    1318    1118
    791    2636    2236
    792    1318    1118
    793     668     568
    794    1336    1136
    795    1336    1136
    796     844     744
    797    1688    1488
    798    3376    2976
    799     844     744
    800     680     580
    801    1360    1160
    802    2720    2320
    803    2040    1740
    804     830     730
    805     510     410
    806    1020     820
    807     510     410
    808     238     138
    809     476     276
    810     420     320
    811     840     640
    812    1680    1280
    813     840     640
    814     249     149
    815     498     298
    816     996     596
    817     708     608
    818    1416    1216
    819    2832    2432
    820     446     346
    821     892     692
    822    1338    1038
    823     394     294
    824     788     588
    825     394     294
    826     561     461
    827    1122     922
    828     561     461
    829     802     702
    830    1604    1404
    831     802     702
    832    1030     930
    833    2060    1860
    834    4120    3720
    835     676     576
    836    1352    1152
    837    2028    1728
    838     936     836
    839     936     836
    840     357     257
    841     714     514
    842    1428    1028
    843     714     514
    844     662     562
    845     539     439
    846    1078     878
    847    1078     878
    848     896     796
    849    1792    1592
    850     628     528
    851    1256    1056
    852    1884    1584
    853     124      24
    854     248      48
    855     496      96
    856     124      24
    857     812     712
    858    1624    1424
    859     812     712
    860     527     427
    861    1054     854
    862     409     309
    863     818     618
    864     498     398
    865     996     796
    866     212     112
    867     424     224
    868    1059     959
    869    1059     959
    870     647     547
    871    1294    1094
    872    2588    2188
    873    1294    1094
    874     205     105
    875     410     210
    876     820     420
    877     410     210
    878    1029     929
    879     597     497
    880     597     497
    881     691     591
    882    1382    1182
    883    2764    2364
    884    2073    1773
    885     673     573
    886    1346    1146
    887     673     573
    888     121      21
    889     242      42
    890     951     851
    891     951     851
    892     508     408
    893    1016     816
    894    2032    1632
    895     872     772
    896    1744    1544
    897    3488    3088
    898    2616    2316
    899     475     375
    900     950     750
    901    1900    1500
    902     950     750
    903     375     275
    904     750     550
    905    1125     825
    906     676     576
    907     298     198
    908     596     396
    909    1192     792
    910     596     396
    911     147      47
    912     294      94
    913     588     188
    914     147      47
    915    1028     928
    916    2056    1856
    917    2056    1856
    918     910     810
    919    1820    1620
    920    3640    3240
    921    1820    1620
    922     628     528
    923    1256    1056
    924    2512    2112
    925    1884    1584
    926     416     316
    927     832     632
    928     837     737
    929    1674    1474
    930    3348    2948
    931     400     300
    932     800     600
    933    1600    1200
    934     400     300
    935     475     375
    936     475     375
    937     813     713
    938    1626    1426
    939    3252    2852
    940     813     713
    941     623     523
    942    1246    1046
    943     760     660
    944    1520    1320
    945    3040    2640
    946    1520    1320
    947     823     723
    948    1646    1446
    949    3292    2892
    950     878     778
    951    1756    1556
    952    1756    1556
    953     917     817
    954    1834    1634
    955     585     485
    956    1170     970
    957    1170     970
    958     210     110
    959     420     220
    960     210     110
    961     234     134
    962     468     268
    963     702     402
    964     399     299
    965     798     598
    966    1197     897
    967     581     481
    968     296     196
    969     592     392
    970    1184     784
    971     592     392
    972    1008     908
    973    1008     908
    974     406     306
    975     812     612
    976    1218     918
    977     585     485
    978    1170     970
    979     255     155
    980     164      64
    981     328     128
    982     656     256
    983     492     192
    984     779     679
    985    1006     906
    986    2012    1812
    987    4024    3624
    988    1006     906
    989    2012    1812
    990    4024    3624
    991    1006     906
    992     784     684
    993    1568    1368
    994    3136    2736
    995     333     233
    996     666     466
    997     666     466
    998     307     207
    999     614     414
   1000    1228     828
   1001     973     873
   1002    1946    1746
   1003    3892    3492
   1004    1946    1746
   1005     553     453
   1006    1106     906
   1007     553     453
   1008     879     779
   1009    1758    1558
   1010     816     716
   1011    1632    1432
   1012    3264    2864
   1013    1632    1432
   1014     489     389
   1015     791     691
   1016    1582    1382
   1017    2373    2073
   1018     282     182
   1019     564     364
   1020    1128     728
   1021     564     364
   1022     137      37
   1023     538     438
   1024    1076     876
   1025    2152    1752
   1026    1614    1314
   1027     551     451
   1028     551     451
   1029     673     573
   1030    1346    1146
   1031     673     573
   1032     368     268
   1033     736     536
   1034    1472    1072
   1035     368     268
   1036     209     109
   1037     209     109
   1038     409     309
   1039     402     302
   1040     402     302
   1041     394     294
   1042     788     588
   1043    1576    1176
   1044     788     588
   1045     610     510
   1046    1220    1020
   1047    1220    1020
   1048     629     529
   1049    1258    1058
   1050     894     794
   1051    1788    1588
   1052    3576    3176
   1053    2682    2382
   1054     923     823
   1055    1846    1646
   1056    1846    1646
   1057     650     550
   1058    1300    1100
   1059    2600    2200
   1060    1300    1100
   1061     861     761
   1062     861     761
   1063     345     245
   1064     690     490
   1065    1380     980
   1066     644     544
   1067    1288    1088
   1068     754     654
   1069    1508    1308
   1070     754     654
   1071     461     361
   1072     461     361
   1073    1095     995
   1074    2190    1990
   1075    4380    3980
   1076     893     793
   1077    1786    1586
   1078     707     607
   1079    1084     984
   1080    1084     984
   1081     599     499
   1082     599     499
   1083     329     229
   1084     658     458
   1085    1316     916
   1086     658     458
   1087     617     517
   1088    1234    1034
   1089    1234    1034
   1090     474     374
   1091     474     374
   1092     105       5
   1093     210      10
   1094     420      20
   1095     210      10
   1096     286     186
   1097     572     372
   1098    1144     744
   1099     286     186
   1100     153      53
   1101     153      53
   1102     154      54
   1103     308     108
   1104     616     216
   1105     462     162
   1106     105       5
   1107     210      10
   1108     420      20
   1109     315      15
   1110     516     416
   1111     388     288
   1112     776     576
   1113    1552    1152
   1114     111      11
   1115     222      22
   1116     444      44
   1117     555     455
   1118    1110     910
   1119    2220    1820
   1120    1110     910
   1121     219     119
   1122     438     238
   1123     219     119
   1124     956     856
   1125    1912    1712
   1126    3824    3424
   1127    2868    2568
   1128     352     252
   1129     352     252
   1130     951     851
   1131    1902    1702
   1132    3804    3404
   1133     951     851
   1134     567     467
   1135     567     467
   1136     548     448
   1137     548     448
   1138     621     521
   1139    1242    1042
   1140    2484    2084
   1141    1242    1042
   1142     252     152
   1143     504     304
   1144    1008     608
   1145     252     152
   1146     357     257
   1147     714     514
   1148    1071     771
   1149     970     870
   1150    1940    1740
   1151     970     870
   1152     473     373
   1153     946     746
   1154    1892    1492
   1155    1419    1119
   1156     126      26
   1157     252      52
   1158     252      52
   1159     997     897
   1160     366     266
   1161     732     532
   1162     366     266
   1163     504     404
   1164    1008     808
   1165    2016    1616
   1166     401     301
   1167     802     602
   1168     255     155
   1169     510     310
   1170    1020     620
   1171     255     155
   1172     338     238
   1173     676     476
   1174     928     828
   1175    1856    1656
   1176     781     681
   1177    1562    1362
   1178    1008     908
   1179    1081     981
   1180    2162    1962
   1181    4324    3924
   1182    1081     981
   1183     545     445
   1184    1090     890
   1185    2180    1780
   1186     545     445
   1187     394     294
   1188     788     588
   1189    1576    1176
   1190    1182     882
   1191     260     160
   1192     520     320
   1193     520     320
   1194     913     813
   1195    1826    1626
   1196    3652    3252
   1197    2739    2439
   1198     463     363
   1199     926     726
   1200     926     726
   1201     859     759
   1202    1718    1518
   1203     859     759
   1204     955     855
   1205     955     855
   1206     531     431
   1207    1062     862
   1208    2124    1724
   1209    1593    1293
   1210     820     720
   1211    1640    1440
   1212    1640    1440
   1213     805     705
   1214    1610    1410
   1215     805     705
   1216     254     154
   1217     508     308
   1218    1016     616
   1219     508     308
   1220    1080     980
   1221    1040     940
   1222    2080    1880
   1223    4160    3760
   1224    3120    2820
   1225     630     530
   1226    1024     924
   1227    2048    1848
   1228    4096    3696
   1229    2048    1848
   1230     723     623
   1231     723     623
   1232     835     735
   1233    1670    1470
   1234    3340    2940
   1235    1670    1470
   1236     432     332
   1237     864     664
   1238    1728    1328
   1239     864     664
   1240     727     627
   1241    1454    1254
   1242     443     343
   1243     886     686
   1244    1772    1372
   1245    1329    1029
   1246     151      51
   1247     302     102
   1248     604     204
   1249     453     153
   1250     749     649
   1251     401     301
   1252     802     602
   1253    1604    1204
   1254    1203     903
   1255    1079     979
   1256    2158    1958
   1257    2158    1958
   1258     632     532
   1259     632     532
   1260    1042     942
   1261     458     358
   1262     916     716
   1263     916     716
   1264     538     438
   1265    1076     876
   1266    2152    1752
   1267    1076     876
   1268    1077     977
   1269    1077     977
   1270     853     753
   1271    1706    1506
   1272     618     518
   1273    1236    1036
   1274    1854    1554
   1275     534     434
   1276    1068     868
   1277    2136    1736
   1278     534     434
   1279     622     522
   1280    1244    1044
   1281    1057     957
   1282    2114    1914
   1283    4228    3828
   1284    3171    2871
   1285     825     725
   1286    1650    1450
   1287    3300    2900
   1288    2475    2175
   1289     370     270
   1290     370     270
   1291     445     345
   1292     890     690
   1293    1780    1380
   1294     935     835
   1295    1870    1670
   1296     935     835
   1297     149      49
   1298     298      98
   1299     298      98
   1300    1086     986
   1301    2172    1972
   1302    1086     986
   1303    1095     995
   1304    2190    1990
   1305    1095     995
   1306     564     464
   1307     688     588
   1308    1376    1176
   1309     688     588
   1310     116      16
   1311     232      32
   1312     954     854
   1313    1908    1708
   1314    3816    3416
   1315     954     854
   1316     112      12
   1317     224      24
   1318     660     560
   1319    1320    1120
   1320    1320    1120
   1321     982     882
   1322    1964    1764
   1323    1964    1764
   1324     734     634
   1325    1468    1268
   1326    2936    2536
   1327     794     694
   1328    1588    1388
   1329    1588    1388
   1330     376     276
   1331     752     552
   1332    1504    1104
   1333    1128     828
   1334     308     208
   1335     308     208
   1336     198      98
   1337     396     196
   1338     792     392
   1339     594     294
   1340     662     562
   1341    1324    1124
   1342     722     622
   1343    1444    1244
   1344     722     622
   1345     301     201
   1346     602     402
   1347    1204     804
   1348     602     402
   1349     966     866
   1350    1932    1732
   1351     966     866
   1352     257     157
   1353     514     314
   1354    1028     628
   1355     244     144
   1356     488     288
   1357     244     144
   1358     106       6
   1359     212      12
   1360     424      24
   1361     932     832
   1362    1864    1664
   1363    2796    2496
   1364    1001     901
   1365    2002    1802
   1366    4004    3604
   1367    1001     901
   1368     777     677
   1369     704     604
   1370     928     828
   1371    1856    1656
   1372    3712    3312
   1373     928     828
   1374     727     627
   1375    1454    1254
   1376     727     627
   1377     990     890
   1378    1980    1780
   1379    3960    3560
   1380     990     890
   1381     564     464
   1382    1128     928
   1383     189      89
   1384     189      89
   1385     974     874
   1386    1948    1748
   1387     755     655
   1388    1070     970
   1389    2140    1940
   1390    4280    3880
   1391    3210    2910
   1392     952     852
   1393    1904    1704
   1394    3808    3408
   1395    1904    1704
   1396     827     727
   1397    1654    1454
   1398     827     727
   1399     337     237
   1400     674     474
   1401     152      52
   1402     304     104
   1403     502     402
   1404    1004     804
   1405     502     402
   1406     636     536
   1407    1272    1072
   1408    1272    1072
   1409     556     456
   1410    1112     912
   1411    1112     912
   1412     150      50
   1413     300     100
   1414     383     283
   1415     766     566
   1416    1149     849
   1417     499     399
   1418     499     399
   1419     536     436
   1420    1072     872
   1421    1608    1308
   1422     710     610
   1423    1420    1220
   1424    2840    2440
   1425     710     610
   1426     879     779
   1427    1758    1558
   1428    2637    2337
   1429     874     774
   1430     874     774
   1431     582     482
   1432    1164     964
   1433     582     482
   1434     231     131
   1435     462     262
   1436     462     262
   1437     153      53
   1438     306     106
   1439     306     106
   1440     951     851
   1441     951     851
   1442     437     337
   1443     874     674
   1444     874     674
   1445     443     343
   1446     886     686
   1447     886     686
   1448     572     472
   1449    1144     944
   1450    1716    1416
   1451     823     723
   1452    1646    1446
   1453    3292    2892
   1454    1646    1446
   1455     298     198
   1456     596     396
   1457     298     198
   1458     134      34
   1459     268      68
   1460     536     136
   1461     134      34
   1462     920     820
   1463    1840    1640
   1464    3680    3280
   1465     899     799
   1466    1798    1598
   1467    1798    1598
   1468     187      87
   1469     374     174
   1470     748     348
   1471     561     261
   1472     430     330
   1473     860     660
   1474    1720    1320
   1475     430     330
   1476     759     659
   1477     759     659
   1478     608     508
   1479    1216    1016
   1480    1824    1524
   1481     725     625
   1482    1450    1250
   1483    1019     919
   1484    2038    1838
   1485    2038    1838
   1486     806     706
   1487    1612    1412
   1488    2418    2118
   1489     624     524
   1490    1248    1048
   1491    2496    2096
   1492     624     524
   1493    1035     935
   1494    2070    1870
   1495    4140    3740
   1496    2070    1870
   1497     502     402
   1498    1004     804
   1499    2008    1608
   1500    1004     804
   1501    1035     935
   1502    1100    1000
   1503    2200    2000
   1504    1100    1000
   1505     800     700
   1506    1600    1400
   1507    3200    2800
   1508     347     247
   1509     694     494
   1510    1388     988
   1511     347     247
   1512    1078     978
   1513    2156    1956
   1514    4312    3912
   1515    2156    1956
   1516     251     151
   1517     502     302
   1518     841     741
   1519    1682    1482
   1520     841     741
   1521     224     124
   1522     224     124
   1523     602     502
   1524    1204    1004
   1525    2408    2008
   1526     865     765
   1527    1730    1530
   1528    3460    3060
   1529    2595    2295
   1530     965     865
   1531    1930    1730
   1532    3860    3460
   1533    2895    2595
   1534     654     554
   1535    1308    1108
   1536     654     554
   1537     338     238
   1538     676     476
   1539     963     863
   1540    1926    1726
   1541    3852    3452
   1542    2889    2589
   1543     318     218
   1544     636     436
   1545    1272     872
   1546     877     777
   1547     286     186
   1548     572     372
   1549     858     558
   1550     167      67
   1551     334     134
   1552     167      67
   1553     976     876
   1554    1952    1752
   1555    3904    3504
   1556     585     485
   1557     565     465
   1558    1130     930
   1559     166      66
   1560     332     132
   1561     471     371
   1562     942     742
   1563    1884    1484
   1564     942     742
   1565     561     461
   1566    1122     922
   1567    2244    1844
   1568    1683    1383
   1569     499     399
   1570     628     528
   1571    1256    1056
   1572     628     528
   1573     210     110
   1574     420     220
   1575     420     220
   1576     316     216
   1577     642     542
   1578    1284    1084
   1579     156      56
   1580     212     112
   1581     424     224
   1582     848     448
   1583     424     224
   1584     428     328
   1585     856     656
   1586     530     430
   1587    1060     860
   1588     530     430
   1589     549     449
   1590    1098     898
   1591     549     449
   1592     375     275
   1593     828     728
   1594    1656    1456
   1595    3312    2912
   1596     914     814
   1597    1828    1628
   1598    3656    3256
   1599    2742    2442
   1600     193      93
   1601     193      93
   1602     913     813
   1603     913     813
   1604     484     384
   1605     968     768
   1606    1936    1536
   1607    1452    1152
   1608     206     106
   1609     412     212
   1610     824     424
   1611     206     106
   1612     259     159
   1613     416     316
   1614     832     632
   1615     416     316
   1616    1041     941
   1617    2082    1882
   1618    4164    3764
   1619    3123    2823
   1620     633     533
   1621    1266    1066
   1622    2532    2132
   1623    1899    1599
   1624     990     890
   1625    1980    1780
   1626     535     435
   1627    1070     870
   1628    2140    1740
   1629    1605    1305
   1630     431     331
   1631     862     662
   1632    1724    1324
   1633     610     510
   1634    1220    1020
   1635    2440    2040
   1636    1830    1530
   1637     642     542
   1638    1284    1084
   1639    2568    2168
   1640     905     805
   1641    1810    1610
   1642    2715    2415
   1643     177      77
   1644     354     154
   1645     708     308
   1646     531     231
   1647     545     445
   1648    1090     890
   1649     776     676
   1650    1552    1352
   1651    3104    2704
   1652    1552    1352
   1653     378     278
   1654     756     556
   1655    1512    1112
   1656     828     728
   1657    1656    1456
   1658    2484    2184
   1659     840     740
   1660    1680    1480
   1661    3360    2960
   1662     840     740
   1663     994     894
   1664     931     831
   1665    1862    1662
   1666    3724    3324
   1667     931     831
   1668     730     630
   1669     931     831
   1670    1862    1662
   1671    1862    1662
   1672     678     578
   1673    1356    1156
   1674    2712    2312
   1675    1029     929
   1676    2058    1858
   1677    1029     929
   1678     170      70
   1679     340     140
   1680     510     210
   1681     442     342
   1682     884     684
   1683    1768    1368
   1684     442     342
   1685     826     726
   1686    1652    1452
   1687     266     166
   1688     532     332
   1689    1064     664
   1690     266     166
   1691     562     462
   1692    1124     924
   1693    2248    1848
   1694     562     462
   1695     932     832
   1696     932     832
   1697     814     714
   1698    1628    1428
   1699     920     820
   1700    1840    1640
   1701    3680    3280
   1702     935     835
   1703    1870    1670
   1704    3740    3340
   1705     908     808
   1706    1816    1616
   1707    1816    1616
   1708    1087     987
   1709    2174    1974
   1710    4348    3948
   1711    2174    1974
   1712     911     811
   1713    1822    1622
   1714    3644    3244
   1715    2733    2433
   1716     593     493
   1717     593     493
   1718     725     625
   1719     384     284
   1720     176      76
   1721     352     152
   1722     704     304
   1723     834     734
   1724    1668    1468
   1725    1668    1468
   1726     615     515
   1727    1230    1030
   1728    2460    2060
   1729    1845    1545
   1730     464     364
   1731     464     364
   1732     646     546
   1733    1292    1092
   1734    2584    2184
   1735     646     546
   1736     557     457
   1737    1114     914
   1738    1114     914
   1739     841     741
   1740     216     116
   1741     432     232
   1742     648     348
   1743     542     442
   1744    1084     884
   1745    2168    1768
   1746    1626    1326
   1747     808     708
   1748    1616    1416
   1749    3232    2832
   1750     808     708
   1751     110      10
   1752     508     408
   1753    1016     816
   1754    2032    1632
   1755    1016     816
   1756     336     236
   1757     300     200
   1758     600     400
   1759     900     600
   1760     883     783
   1761    1766    1566
   1762    3532    3132
   1763     883     783
   1764    1079     979
   1765    2158    1958
   1766    2158    1958
   1767     917     817
   1768    1834    1634
   1769    2751    2451
   1770     338     238
   1771     676     476
   1772    1014     714
   1773     756     656
   1774    1512    1312
   1775    3024    2624
   1776    2268    1968
   1777     457     357
   1778     914     714
   1779    1828    1428
   1780     914     714
   1781     328     228
   1782     656     456
   1783     984     684
   1784     949     849
   1785    1898    1698
   1786    3796    3396
   1787    1100    1000
   1788    2200    2000
   1789    1100    1000
   1790     634     534
   1791    1268    1068
   1792    1268    1068
   1793     903     803
   1794    1806    1606
   1795    3612    3212
   1796     903     803
   1797    1012     912
   1798    2024    1824
   1799    4048    3648
   1800    2024    1824
   1801     987     887
   1802    1974    1774
   1803    2961    2661
   1804     518     418
   1805    1036     836
   1806     518     418
   1807     569     469
   1808    1138     938
   1809     569     469
   1810     854     754
   1811    1063     963
   1812    2126    1926
   1813    4252    3852
   1814    1063     963
   1815     632     532
   1816    1264    1064
   1817    1896    1596
   1818     168      68
   1819     336     136
   1820     504     204
   1821     573     473
   1822    1146     946
   1823     573     473
   1824     486     386
   1825     972     772
   1826     972     772
   1827     184      84
   1828     368     168
   1829     368     168
   1830     142      42
   1831     284      84
   1832     142      42
   1833     806     706
   1834    1612    1412
   1835     806     706
   1836     440     340
   1837     880     680
   1838    1760    1360
   1839     903     803
   1840    1806    1606
   1841    3612    3212
   1842    2709    2409
   1843     913     813
   1844    1826    1626
   1845    2739    2439
   1846     781     681
   1847    1562    1362
   1848    3124    2724
   1849    1562    1362
   1850     463     363
   1851     926     726
   1852    1852    1452
   1853    1389    1089
   1854     648     548
   1855    1072     972
   1856    2144    1944
   1857    4288    3888
   1858    3216    2916
   1859     691     591
   1860    1382    1182
   1861     691     591
   1862     631     531
   1863    1262    1062
   1864     631     531
   1865     111      11
   1866     111      11
   1867     757     657
   1868     757     657
   1869     641     541
   1870    1282    1082
   1871    1282    1082
   1872     456     356
   1873     912     712
   1874    1368    1068
   1875    1059     959
   1876    2118    1918
   1877     146      46
   1878     292      92
   1879     292     192
   1880     584     384
   1881     584     384
   1882    1073     973
   1883    2146    1946
   1884    4292    3892
   1885    1073     973
   1886     620     520
   1887    1240    1040
   1888    2480    2080
   1889    1860    1560
   1890     518     418
   1891    1036     836
   1892     518     418
   1893     345     245
   1894     690     490
   1895    1035     735
   1896     564     464
   1897    1128     928
   1898    2256    1856
   1899     599     499
   1900    1198     998
   1901    2396    1996
   1902     719     619
   1903     551     451
   1904    1102     902
   1905    1102     902
   1906     599     499
   1907     887     787
   1908    1774    1574
   1909     751     651
   1910    1502    1302
   1911    3004    2604
   1912     330     230
   1913     330     230
   1914     198      98
   1915     396     196
   1916     198      98
   1917     491     391
   1918     982     782
   1919    1964    1564
   1920     982     782
   1921     842     742
   1922    1684    1484
   1923    3368    2968
   1924     842     742
   1925     251     151
   1926     820     720
   1927    1640    1440
   1928    2460    2160
   1929     829     729
   1930    1658    1458
   1931     829     729
   1932     235     135
   1933     470     270
   1934     940     540
   1935     378     278
   1936     756     556
   1937    1512    1112
   1938    1134     834
   1939     888     788
   1940     888     788
   1941     967     867
   1942    1934    1734
   1943    3868    3468
   1944    1934    1734
   1945    1028     928
   1946    2056    1856
   1947    1028     928
   1948     711     611
   1949    1422    1222
   1950    2133    1833
   1951    1018     918
   1952    2036    1836
   1953    2036    1836
   1954     213     113
   1955     426     226
   1956     639     339
   1957     948     848
   1958     938     838
   1959    1876    1676
   1960    3752    3352
   1961    1876    1676
   1962     533     433
   1963    1066     866
   1964    2132    1732
   1965    1066     866
   1966    1047     947
   1967    2094    1894
   1968    4188    3788
   1969    3141    2841
   1970     576     476
   1971    1152     952
   1972     936     836
   1973    1872    1672
   1974    3744    3344
   1975    2808    2508
   1976     420     320
   1977     840     640
   1978    1680    1280
   1979     420     320
   1980     981     881
   1981    1962    1762
   1982    1962    1762
   1983     269     169
   1984     538     338
   1985     654     554
   1986    1308    1108
   1987    2616    2216
   1988     654     554
   1989     511     411
   1990    1022     822
   1991    1022     822
   1992     867     767
   1993    1734    1534
   1994    3468    3068
   1995     867     767
   1996     521     421
   1997    1042     842
   1998    2084    1684
   1999    1042     842
   2000     149      49
942759
